60 23990238
61 19287365
50 15433493
5b 14533342
90 13527436
56 10422076
80 8882761
81 8615846
01 7967718
91 6845000
16 5042592
52 5024863
82 4715610
57 4217524
51 3736078
73 3670108
15 3411848
83 2876877
03 2863468
54 2029598
fd 1956432
92 1884772
7f 1538448
63 1534454
14 1517264
84 1377796
0a 988742
85 981644
20 964137
04 936023
02 832445
55 687678
34 660626
11 621610
86 618750
10 575528
f3 556502
36 489792
87 455725
19 451102
3d 400360
93 394306
35 384193
00 308110
17 270436
33 237522
88 223474
12 219656
67 157233
95 152629
3e 143218
30 142252
f1 140038
1b 134903
94 134217
5a 128493
fe 111469
a3 111222
62 108374
89 103034
3b 96284
39 61450
8a 60940
96 55722
7b 54425
42 54345
64 49779
8b 48466
37 40527
47 39613
8c 38270
1c 36334
97 34416
6f 34277
a1 32991
43 31877
9c 30046
a2 29176
32 29038
65 23352
7c 21638
3a 20445
a4 19355
74 18503
45 17996
66 16704
72 13875
68 12591
8e 11686
6d 11479
98 11375
8d 10731
6e 10696
06 10681
08 10572
53 9102
6b 9029
69 8606
7e 7546
1a 7341
6c 7117
31 6867
7a 5901
41 5786
9b 5486
9a 5153
99 5146
fa 5110
75 5025
09 4984
77 4894
8f 4450
0b 4240
07 3823
38 3773
46 3608
6a 3335
70 3198
44 3062
05 2816
78 2686
f4 2545
13 2499
9d 2262
79 2248
59 2147
58 2145
3f 2144
f0 2108
3c 2104
76 2076
48 2048
71 1901
9e 1882
40 1871
ff 1851
7d 1726
9f 1693
f5 1677
18 1653
1d 1604
f2 1545
a0 1494
madeupword0000 0
madeupword0001 0
madeupword0002 0
madeupword0003 0
madeupword0004 0
